0.767586821015138
0.7713523131672598
0.7375444839857651
0.7740213523131673
0.7604630454140695
0.7586821015138023
0.7855871886120996
0.7758007117437722
0.7853962600178095
0.7677935943060499
0.7987477638640429
0.7540106951871658
0.7836153161175423
0.7809439002671416
0.7729296527159395
0.7562277580071174
0.7508896797153025
0.7588967971530249
0.7775800711743772
0.7144128113879004
0.7677935943060499
0.7424242424242424
0.8149466192170819
0.7473309608540926
0.7704626334519573
0.7660142348754448
0.7491103202846975
0.7453250222617988
0.7419928825622776
0.7241992882562278
