0.693196405648267
0.66
0.6666666666666666
0.6555269922879178
0.6588235294117647
0.6692015209125475
0.6861768368617683
0.66875
0.664886515353805
0.6811779769526248
0.6401564537157758
0.6851851851851852
0.6852540272614622
0.6675031367628608
0.6743886743886743
0.717948717948718
0.6679636835278858
0.6968152866242038
0.6727272727272727
0.6616915422885572
0.6812339331619537
0.6442542787286064
0.6751269035532995
0.6834804539722572
0.6612090680100756
0.6343283582089553
0.6709346991037132
0.6654040404040404
0.6591211717709721
0.6813048933500627
